1.000000000000000000e+00 1.000000000000000000e+00 1.000000000000000000e+00 1.000000000000000000e+00 1.000000000000000000e+00 1.000000000000000000e+00 1.000000000000000000e+00 1.000000000000000000e+00 1.000000000000000000e+00 1.000000000000000000e+00 9.998980177066832953e-01 9.960385217437721650e-01 9.876275042352337108e-01 9.774947471766404217e-01 9.694417495592146938e-01 9.639825820877510054e-01 9.610046430222166647e-01 9.604878081431429404e-01 9.610359988913792506e-01 9.600547182425913650e-01 9.570505569107671251e-01 9.531402251799288017e-01 9.499406310055107383e-01 9.485599844509414735e-01 9.490755563530742789e-01 9.508037003189563352e-01 9.528774859556647936e-01 9.546485883434966402e-01 9.558476025658673159e-01 9.565790950667288906e-01 9.571668866105849105e-01 9.578968468850399542e-01 9.588434736855930840e-01 9.599098565523986881e-01 9.609746236198155600e-01 9.620051519754533320e-01 9.630661311195091168e-01 9.642316588952378753e-01 9.654808403463295274e-01 9.666736071624812965e-01 9.676011192335429723e-01 9.681639294132111662e-01 9.685229512971217369e-01 9.691181864664486501e-01 9.705180332807349375e-01 9.730826843067086340e-01 9.765656769163195694e-01 9.799477970896058876e-01 9.817955044323876113e-01 9.809924865884215306e-01 9.773015652163722367e-01 9.715361546382504931e-01 9.652992359538676848e-01 9.603249058924806514e-01 9.576248420796604766e-01 9.571242772074678440e-01 9.584635018338573120e-01 9.608819392814272886e-01 9.577544778739039977e-01 9.395645228701745566e-01 9.026219022534017755e-01 8.387743890160817006e-01 7.438428947245403489e-01 6.233098487886364891e-01 4.962080728463220125e-01 3.712074448009209937e-01 2.562140772951599366e-01 1.605584402901221175e-01 8.863152969440010742e-02 3.882680305885738425e-02 1.031681195106204027e-02 3.152718756207852947e-04 5.742591791335238698e-10 1.275257353234700806e-17 3.104431236982806629e-27 5.823285143092675020e-39 2.360471741420497188e-53 6.515450328475697218e-71 6.115402870966605815e-92 1.113275448265280876e-116 3.357791094348344125e-145 3.035193725635446441e-177 2.902092268232029160e-215 3.089293234326107816e-262 3.458459520888725809e-323 0.000000000000000000e+00 0.000000000000000000e+00 0.000000000000000000e+00 0.000000000000000000e+00 0.000000000000000000e+00
9.901556550670023160e-01 9.889556097335647777e-01 9.903676844297516491e-01 9.912073122557762961e-01 9.915860924152074540e-01 9.916680224327558690e-01 9.920269014858539292e-01 9.945439913287251743e-01 9.976965654575493669e-01 9.977282918823080493e-01 9.903845503244121939e-01 9.764481501037495237e-01 9.558277786419443478e-01 9.331612438342234972e-01 9.136355109372531480e-01 9.016311730264310320e-01 8.954062722098481419e-01 8.920626279495085242e-01 8.902275372324891523e-01 8.884011646645304516e-01 8.850034273884639369e-01 8.804965958143943228e-01 8.764345109887623497e-01 8.742144100398356876e-01 8.742809530707994492e-01 8.760998295862276741e-01 8.787194796468766889e-01 8.813178605247473651e-01 8.834434691088787206e-01 8.850277664961458957e-01 8.862820266779043443e-01 8.875108832799952774e-01 8.889077205941443571e-01 8.904853565546612115e-01 8.921714441785431049e-01 8.939232566354888831e-01 8.957461770970852610e-01 8.976292784004404890e-01 8.994907550640661720e-01 9.011682222573987877e-01 9.025185453542430292e-01 9.035758689093357221e-01 9.046393139526056615e-01 9.062486390437084482e-01 9.089597082400344696e-01 9.129181162071610123e-01 9.174917875399829503e-01 9.213507810370354933e-01 9.229812851631126192e-01 9.213390705315313012e-01 9.163204874413153345e-01 9.088704282886498342e-01 9.007378201833258213e-01 8.938880483474224148e-01 8.900248411332570830e-01 8.912683508643931551e-01 8.981061261200624646e-01 9.082852686603111181e-01 9.157547669362203768e-01 9.112966607818395737e-01 8.895691743935285611e-01 8.463553086729513897e-01 7.816146515388056049e-01 6.887693530552417842e-01 5.756786085367859851e-01 4.563896539672258612e-01 3.419468556474914434e-01 2.395201612292469362e-01 1.552147786724700773e-01 8.940291989394748284e-02 4.154695509935749792e-02 1.192335183959683000e-02 1.602805013339630730e-03 1.464708359699885779e-09 1.015895024459529173e-17 5.414568775951350812e-28 1.598187801378732187e-40 1.836323655183169132e-55 6.838575110649322030e-73 5.302419409963052427e-93 3.560180562408651794e-116 5.537290025074261603e-143 2.494627822631175192e-174 9.203301151766095512e-212 5.405877795825892648e-258 4.545300187953841545e-318 0.000000000000000000e+00 0.000000000000000000e+00 0.000000000000000000e+00 0.000000000000000000e+00
9.441920438219227885e-01 9.411915433992211755e-01 9.419357500047648157e-01 9.441158826166342610e-01 9.468327804093860101e-01 9.503706389619798189e-01 9.570742437904184996e-01 9.663011274265961292e-01 9.762266334379459121e-01 9.812336721260876971e-01 9.728687578850273576e-01 9.484741085726685617e-01 9.144058659247682463e-01 8.772049153816350309e-01 8.421667991270275211e-01 8.150539472339598523e-01 7.999522128964527967e-01 7.938810127292400542e-01 7.901393636684218569e-01 7.874767100059494318e-01 7.836822456438309326e-01 7.787515793245158857e-01 7.741351770798032828e-01 7.713364197113456999e-01 7.710600606335887841e-01 7.729289423146787907e-01 7.759424855623501260e-01 7.791331588826226895e-01 7.819172969203289636e-01 7.841248598744169351e-01 7.858935293173572312e-01 7.875198304246036063e-01 7.892693103125743015e-01 7.912355623203125576e-01 7.933868152348331204e-01 7.956730527319706425e-01 7.980546140154983759e-01 8.004635007823435178e-01 8.027823296501979122e-01 8.048298566948844934e-01 8.065200470985937065e-01 8.079722024463025232e-01 8.095817099657427462e-01 8.119581844483189093e-01 8.156320454353467309e-01 8.205744626700862687e-01 8.258973478906660448e-01 8.300871765502412236e-01 8.315866549606588665e-01 8.293521973311028805e-01 8.233450714689924954e-01 8.147038355714461000e-01 8.060785497741491668e-01 8.026510638087571703e-01 8.061230452021195259e-01 8.158687301822635796e-01 8.319168105560568183e-01 8.524111723695595444e-01 8.708795216268514494e-01 8.767062309595776703e-01 8.674269687212660118e-01 8.421589114157852496e-01 7.997745724053830774e-01 7.385880381285291341e-01 6.556177080559135728e-01 5.515847192862474158e-01 4.396275924997612439e-01 3.328463488724808239e-01 2.380406110965614108e-01 1.570243799369782645e-01 9.209981564462610404e-02 4.397507342055304719e-02 1.473071227943367756e-02 2.960358386326564228e-03 2.481377424022988413e-09 1.432297928213342438e-17 8.175036977028312496e-28 4.019408517019335141e-40 1.242282908389411580e-54 1.328268466180616434e-71 2.300560107029645940e-91 3.066614655204360372e-114 1.048640823961962212e-140 1.352995618900522365e-171 1.890071677586371242e-208 5.168685484387522858e-254 2.343632557142418912e-313 0.000000000000000000e+00 0.000000000000000000e+00 0.000000000000000000e+00
8.627056337365663907e-01 8.591499443069752218e-01 8.591190133854867961e-01 8.613916817341833454e-01 8.677446037206786311e-01 8.765870633742245399e-01 8.910870009534821445e-01 9.115027381285445429e-01 9.327398879446305857e-01 9.452498404735591997e-01 9.405778207338342245e-01 9.145769696460066545e-01 8.697252441208128682e-01 8.151493195719977658e-01 7.625942502024860570e-01 7.173189641859955001e-01 6.849725703669277133e-01 6.686730720121918381e-01 6.627756994502237431e-01 6.588447745983592174e-01 6.542679776420421423e-01 6.488616944601505176e-01 6.438960857009163874e-01 6.408157040783870606e-01 6.403735097145611954e-01 6.422991286209464024e-01 6.455942645179156836e-01 6.491855725423613110e-01 6.523985226992945474e-01 6.550336120114875760e-01 6.572191823240576269e-01 6.592334824125172243e-01 6.613387232027659879e-01 6.636585978676318165e-01 6.661880675643903071e-01 6.688756855584544470e-01 6.716629414749133442e-01 6.744686803333732605e-01 6.771591453892215062e-01 6.795634869389439725e-01 6.816109819967846040e-01 6.834545336884849664e-01 6.855381569555981658e-01 6.884959100931737908e-01 6.928180811896058611e-01 6.983753994274127797e-01 7.041984716191419524e-01 7.087070422342262033e-01 7.102329251553605172e-01 7.076442917231675622e-01 7.016898582535497919e-01 6.974423194518892810e-01 6.980645102661575674e-01 7.056462464104966692e-01 7.200270893123785765e-01 7.420457848424608649e-01 7.687057106428494269e-01 7.947268172817684162e-01 8.162949280663885920e-01 8.294255314265095436e-01 8.298051304953092400e-01 8.187524466106630427e-01 7.975482714053688804e-01 7.617484779090574198e-01 7.090258062651345616e-01 6.369461292291664911e-01 5.462803127658705238e-01 4.414172801714005279e-01 3.376387794677497833e-01 2.429657994106095009e-01 1.612034741499267509e-01 9.506394730723455311e-02 4.670698047111047913e-02 1.693577600942074851e-02 3.162108731575494040e-03 2.950494976643973643e-09 2.107836039131237024e-17 2.019037033482472070e-27 2.020102659547223945e-39 1.273188584546498025e-53 2.576265595040605850e-70 8.245053934672178988e-90 2.254151564897903153e-112 2.053865026394821410e-138 9.096630603338826239e-169 5.103077711346361935e-205 5.689053539706836775e-250 2.161184120932855285e-308 0.000000000000000000e+00 0.000000000000000000e+00
7.454682827168912507e-01 7.425798143873924007e-01 7.420650613266890350e-01 7.437252773329663391e-01 7.524111518055661696e-01 7.681205314650080274e-01 7.939706392442276162e-01 8.289764121408348396e-01 8.652439986500675140e-01 8.909876113427581679e-01 8.963646233718728373e-01 8.744133180012758633e-01 8.242647811756514953e-01 7.536392062424626115e-01 6.791947864952564418e-01 6.143019886172768063e-01 5.631973318889710312e-01 5.293195207306151673e-01 5.120019568231284346e-01 5.039564240895852976e-01 4.986443564785102422e-01 4.926034549264866613e-01 4.872390742948184972e-01 4.840098395658526953e-01 4.836497864404600833e-01 4.858466346149988291e-01 4.894754594138346349e-01 4.933171456025048363e-01 4.966724506080604229e-01 4.994094101023760501e-01 5.017220834826144893e-01 5.039052572468147861e-01 5.062046351777398367e-01 5.087221396807232177e-01 5.114361872561657973e-01 5.142910645795051305e-01 5.172409413728115135e-01 5.202284375998432742e-01 5.231304448726774581e-01 5.257624646803596979e-01 5.280097424188011646e-01 5.299957244096026310e-01 5.321841328854231001e-01 5.352472747605639958e-01 5.397736804865483906e-01 5.456728498721314935e-01 5.519741781727717234e-01 5.570182688111761093e-01 5.591961700823495640e-01 5.606115320446140027e-01 5.646200714058919878e-01 5.724622674889719987e-01 5.868226644827418959e-01 6.089918150236646177e-01 6.386718263334145718e-01 6.742272652561190904e-01 7.089080757735992666e-01 7.368043846695503385e-01 7.541097462115360361e-01 7.650170141555310277e-01 7.721156196136216288e-01 7.724479497050603660e-01 7.665983302740720928e-01 7.541343626922699661e-01 7.319163530040199150e-01 6.939418909531887003e-01 6.351601187331099574e-01 5.542454270743271127e-01 4.537333883730312323e-01 3.496151274872832393e-01 2.519269798773271507e-01 1.669376079756622611e-01 9.921304533843189333e-02 4.954091798337713348e-02 1.777430770927615131e-02 2.910542220076277418e-03 3.626788363897122261e-09 4.007406277879618801e-17 6.721744180480702113e-27 1.190461859808695782e-38 1.295587123192839364e-52 4.670662311387854218e-69 3.117608268639795237e-88 2.325799555325243449e-110 7.709780488325418445e-136 1.420992544153737122e-165 3.387929040943148788e-201 3.532140996377326271e-245 6.169868462862299382e-301 0.000000000000000000e+00
5.894177254653760745e-01 5.881689708201415234e-01 5.877339570151319803e-01 5.903470649904042356e-01 5.999137110857584165e-01 6.231045855781577325e-01 6.610514052743877711e-01 7.129921691745693124e-01 7.696357533366183779e-01 8.154034297060692715e-01 8.380736570583021683e-01 8.282864739125698206e-01 7.802462212967224975e-01 7.010643037713706338e-01 6.095101500946450424e-01 5.247539618316845456e-01 4.536497772919308447e-01 3.991399359137096092e-01 3.630023781982628095e-01 3.422681187889389243e-01 3.329024452347731367e-01 3.277357457627518289e-01 3.229998265539110736e-01 3.200619313157637702e-01 3.196401911306557819e-01 3.214767384510827108e-01 3.246194542719326726e-01 3.280446424580569786e-01 3.311089741291985966e-01 3.336221745341965694e-01 3.357066489272619303e-01 3.376277753857427899e-01 3.396356359854608709e-01 3.418482023377065748e-01 3.442606686768825974e-01 3.468239679927830887e-01 3.494822963712174713e-01 3.521582527432828291e-01 3.547242674275454255e-01 3.570173935594578296e-01 3.589701795274831131e-01 3.607284557956723647e-01 3.627156991519978058e-01 3.655366401245359609e-01 3.696588933203653893e-01 3.749591838001749000e-01 3.805138269159574205e-01 3.860731079621897988e-01 3.953098568967182702e-01 4.102080253017885703e-01 4.319238361861365560e-01 4.590391637352522758e-01 4.935989051571663677e-01 5.352672256718172816e-01 5.816743760252576223e-01 6.302567307783871753e-01 6.672109870764753037e-01 6.869735568472618015e-01 6.922288815720170074e-01 6.879868398715046629e-01 6.872990904629079356e-01 6.914067623353576941e-01 7.004539901998280138e-01 7.121326616325727166e-01 7.208375917646105968e-01 7.203220496701532305e-01 6.967005610829827278e-01 6.476963937114604830e-01 5.721658938914302439e-01 4.738960980020352487e-01 3.664724093767681712e-01 2.627126127458357940e-01 1.747876605249883419e-01 1.041488474890055749e-01 5.155008169921731359e-02 1.803583585431071598e-02 2.951100993905755778e-03 5.555288749679326239e-09 9.516512792231094509e-17 2.543852402785723423e-26 7.279929131844081240e-38 1.370084109111316990e-51 1.033150831686037819e-67 2.001194451947260337e-86 5.829592095042418578e-108 8.541287807490160215e-133 7.235599188999196610e-162 1.879710200967950566e-196 1.530296668987124996e-237 7.505075563664154899e-289
4.105822762355925137e-01 4.118318899700949554e-01 4.127711065677768243e-01 4.160274756756514591e-01 4.267249329107094535e-01 4.549770596519313592e-01 5.035164775002746174e-01 5.718371024809288938e-01 6.527812567460299364e-01 7.242234721390228280e-01 7.703487948610814318e-01 7.829793948814749438e-01 7.532972187768652850e-01 6.809031471553825821e-01 5.827195756291102535e-01 4.812746785518689507e-01 3.899929055503802422e-01 3.157005257819420763e-01 2.595247059859784877e-01 2.208725343975441180e-01 1.966862732181323958e-01 1.872807189143352868e-01 1.832258287066819702e-01 1.807865929830586860e-01 1.805457343351506150e-01 1.821745439202487604e-01 1.848009745694351169e-01 1.875817815833651925e-01 1.900082758702652808e-01 1.919322605375207436e-01 1.934737309102518288e-01 1.948911212451003017e-01 1.964158671074623663e-01 1.981295390586446659e-01 2.000044471401265234e-01 2.019970000058042559e-01 2.040726315910374178e-01 2.061720784931233008e-01 2.081930361201365653e-01 2.099775427124870864e-01 2.114506152865049948e-01 2.127162302666094351e-01 2.141189846127842245e-01 2.161901847650546660e-01 2.193921196830176668e-01 2.237001024828176310e-01 2.308884804709458449e-01 2.449271133744573004e-01 2.704435448102917583e-01 3.051987371554322759e-01 3.479633226052437078e-01 3.974765627518385691e-01 4.537100270262828250e-01 5.145932744864658570e-01 5.766246946387265648e-01 6.271626106636148945e-01 6.550047003513705945e-01 6.580070805158878544e-01 6.426093340227684303e-01 6.144776079914080480e-01 5.863220085024930528e-01 5.753865403150194568e-01 5.888383232065977912e-01 6.217812671079796516e-01 6.594365085754405609e-01 6.943989359613491619e-01 7.106580585124824267e-01 6.988022101161088795e-01 6.575508373800202921e-01 5.864727062503467536e-01 4.905563865818086122e-01 3.786530870265039095e-01 2.717328728148720174e-01 1.805881012912805561e-01 1.069422939939387029e-01 5.261948661940663019e-02 1.861158221816756192e-02 3.215726651892331697e-03 9.539894856511683367e-09 2.432976627973721683e-16 1.006630300082144135e-25 4.866588026769300568e-37 1.877440733805783931e-50 4.025778471510612540e-66 3.070889378251380109e-84 4.051667638910171063e-105 2.639106727415079211e-129 2.306796943951863591e-157 3.718934568252760378e-189 3.869315715874831212e-226
2.526591074734762521e-01 2.553033652282821198e-01 2.563153124646260772e-01 2.582617977575017432e-01 2.691176027969808815e-01 2.984920945269755044e-01 3.525040757840493533e-01 4.305983146277819751e-01 5.255665282082286893e-01 6.227208994068652581e-01 6.972065855644616894e-01 7.369093035079193887e-01 7.355519430411159298e-01 6.885505063472302512e-01 6.023339010849722008e-01 4.941925150561092828e-01 3.870277328832000818e-01 2.936964837186444854e-01 2.185072618452971738e-01 1.592090892608029051e-01 1.160150470242624493e-01 9.061910827235358790e-02 8.232027262212991692e-02 8.057815468548032434e-02 8.062795406436816525e-02 8.198916674100975577e-02 8.394966314671629959e-02 8.589424209954833744e-02 8.748500723712504534e-02 8.867066534465993521e-02 8.960932986901978814e-02 9.052898283631248544e-02 9.157434938160484428e-02 9.275502220375685114e-02 9.401685819325393545e-02 9.532788140091807971e-02 9.669212049025925626e-02 9.810139777993352739e-02 9.949449159976513080e-02 1.007498762239264212e-01 1.017604324165736346e-01 1.025517133308150863e-01 1.033475755722812472e-01 1.045519648401521534e-01 1.065810012281720870e-01 1.125413242988123896e-01 1.290951345244559789e-01 1.605159958269674891e-01 2.061121950120397561e-01 2.628039816350610236e-01 3.289210805135683313e-01 4.011845719045197267e-01 4.774535007467642367e-01 5.510127188593600955e-01 6.151190768076967297e-01 6.517522499634297306e-01 6.559307256424349308e-01 6.335968513720281470e-01 5.896947302450470385e-01 5.343288403457654434e-01 4.800855341904677331e-01 4.488034758693182913e-01 4.499204477039420724e-01 4.860834570932401344e-01 5.491326351314153031e-01 6.151126430935427436e-01 6.696710459710637497e-01 7.003221139575072085e-01 6.987125271213658895e-01 6.635101833897859569e-01 5.964710731191220638e-01 5.008380601118543884e-01 3.867330541254206389e-01 2.773233322741101015e-01 1.834258440225779163e-01 1.087369218945161420e-01 5.399710238174397492e-02 1.960414766215475349e-02 3.502685275092230852e-03 1.695658684992455357e-08 6.484386753453362695e-16 4.433147844267310302e-25 4.197619876315675911e-36 4.235517713373944104e-49 3.302596663133274884e-64 1.090270471422034605e-81 6.222845030786932611e-102 3.594384243222633726e-125 1.187168025954886700e-150 6.265141398569510736e-179
1.306331751528763963e-01 1.336741480217219225e-01 1.338073407770647982e-01 1.330128231735440147e-01 1.410731899843016834e-01 1.700998003701611749e-01 2.226928474227806709e-01 3.016430847142871907e-01 4.041410660019282841e-01 5.171620785333920223e-01 6.163900648263758164e-01 6.872802251869203349e-01 7.173784099424936889e-01 7.031285596458415332e-01 6.461376438548528389e-01 5.562741998930752496e-01 4.439305924460719144e-01 3.355608160849084531e-01 2.411056834197760623e-01 1.611614190925813872e-01 9.749022796534750901e-02 5.310291374829600314e-02 2.893885454952992153e-02 2.242276960433950417e-02 2.250727017679599040e-02 2.352512428391202726e-02 2.474655748543370948e-02 2.578971412684358255e-02 2.649591815988246862e-02 2.692675788188856820e-02 2.727295957917928379e-02 2.770289683944360259e-02 2.826044791087422084e-02 2.888853377280041143e-02 2.951566794957562884e-02 3.012263596328989754e-02 3.074753910173719240e-02 3.143402004639248709e-02 3.216977193548869324e-02 3.287229632708738025e-02 3.341858907040183568e-02 3.375007707706425414e-02 3.396153644586358961e-02 3.431215899216257664e-02 3.806452785001882000e-02 5.465348638463984887e-02 8.839701185973708464e-02 1.397709464157298742e-01 2.065484288891004661e-01 2.860281124764587068e-01 3.747002119232233364e-01 4.654074751017218681e-01 5.508905479529756510e-01 6.169941787918545861e-01 6.602259117535749233e-01 6.752260767536957253e-01 6.536740548270101314e-01 6.014201153138812872e-01 5.290478403416412068e-01 4.475578665869932582e-01 3.728248758587370815e-01 3.256932646319786184e-01 3.146034524930271803e-01 3.416858033519941662e-01 4.049679467192673910e-01 4.929448961544847796e-01 5.830379073658693567e-01 6.523336058886317623e-01 6.925451074082915603e-01 6.986586290767262675e-01 6.695467494338241954e-01 6.042962996509086970e-01 5.073746897814029877e-01 3.915713597355832687e-01 2.807436830580911646e-01 1.858503391492263845e-01 1.110600751933514679e-01 5.582210183717851992e-02 2.061105847402076169e-02 3.695284937808644612e-03 3.113867194532395685e-08 1.895473122767784201e-15 2.387143380377559274e-24 5.274572872678465999e-35 1.707752293263620081e-47 5.403707922741911104e-62 7.390010021839923154e-79 3.245970354668713473e-98 4.787433829679317378e-119 1.781039488907952014e-141
4.851758568191860688e-02 5.094728819672285358e-02 5.029592363313161590e-02 4.877060046289111855e-02 5.212746475982381333e-02 7.553855399977876806e-02 1.220910541633235397e-01 1.935446328934462001e-01 2.915439526420741112e-01 4.074100916599164290e-01 5.258150778583031704e-01 6.241204043017865022e-01 6.890334997343615653e-01 7.120371216275519499e-01 6.923403681893467443e-01 6.350216301768193405e-01 5.462779471621299621e-01 4.332181680624626052e-01 3.214780516967968294e-01 2.216339647687270431e-01 1.385584773249758650e-01 7.560739628118053057e-02 3.305241066507095399e-02 9.924784069971570935e-03 3.067143691456028758e-03 2.686736836828586793e-03 2.971788350450567818e-03 3.151624451648620418e-03 3.210784300768310378e-03 3.216948931183631361e-03 3.242223148151045058e-03 3.316497748089713288e-03 3.428240991703430680e-03 3.547491553120732648e-03 3.649298467974903658e-03 3.729230397681595598e-03 3.805130431815862465e-03 3.903732305331733456e-03 4.037420840080747919e-03 4.185035810482053142e-03 4.300108616334384973e-03 4.347640418249301350e-03 4.326982737438328334e-03 7.767267884446637898e-03 2.410599328207625736e-02 5.842198195865117710e-02 1.113649554361130778e-01 1.819170931715775041e-01 2.698305202195638297e-01 3.687870483623728046e-01 4.726591912325787126e-01 5.668844386018904169e-01 6.360641732059042486e-01 6.788139797646493001e-01 6.940443311099478985e-01 6.799429512582811919e-01 6.317048300972271102e-01 5.540200470255967069e-01 4.577662552726086687e-01 3.542117471857866851e-01 2.701841548790205327e-01 2.148897112557404121e-01 1.944521746915145455e-01 2.134612114307073427e-01 2.699756507115828597e-01 3.589302535156347340e-01 4.621545334546232064e-01 5.638525365655464583e-01 6.427389467867741235e-01 6.896404332325509756e-01 7.018556367434307663e-01 6.747490064100442053e-01 6.090412130408690006e-01 5.116422879254093337e-01 3.954691736809052283e-01 2.842923124677754210e-01 1.891897603859080679e-01 1.138427614103728613e-01 5.771492881318130569e-02 2.153007349236291113e-02 3.854788900130879173e-03 5.949179224502490738e-08 6.285377302060912605e-15 1.645827425828642614e-23 1.030277925444708057e-33 1.281675537154174190e-45 1.646928336800985934e-59 1.523681882810046213e-75 1.148938724934722362e-92 7.599972686709679823e-111
7.357081540286768140e-03 8.224724356800102582e-03 7.165496459239203454e-03 6.548318311415494107e-03 6.844166630868083953e-03 1.994807469625696494e-02 5.448493136882952281e-02 1.132436893761902957e-01 1.963843280038885253e-01 3.032350997950100102e-01 4.233407241555012246e-01 5.430407431453064815e-01 6.385180626400497328e-01 7.000809648144313835e-01 7.207597865452022301e-01 7.029536605638702085e-01 6.460553747271154945e-01 5.553800147853796831e-01 4.387252875507794969e-01 3.242556705282052532e-01 2.228434398659185911e-01 1.409947743794677244e-01 7.927704973603773297e-02 3.645756170410668212e-02 1.161852214873239364e-02 1.874368547860938861e-03 1.995118688375810962e-08 3.398011077326792387e-14 8.728615172195448816e-17 1.598369613354667729e-16 2.949538412788934497e-16 5.466964595558690772e-16 1.006846686298411789e-15 1.822642044172497530e-15 3.229090685744760871e-15 5.623512824660033320e-15 9.731568648606035379e-15 1.687277865116838017e-14 2.962621076054753546e-14 5.362583789623797528e-14 1.207316670981541537e-13 4.787868018407635838e-08 4.490515635505037094e-03 2.233594535645347032e-02 5.795792768495597325e-02 1.128560038827739892e-01 1.858991284676676514e-01 2.762481190320974500e-01 3.816937689729381078e-01 4.913036313332971861e-01 5.880762542779769397e-01 6.596019221915082609e-01 6.996348667767290364e-01 7.093881631344898242e-01 6.895863390048443398e-01 6.426829238704850900e-01 5.694755106495725805e-01 4.739810383302853203e-01 3.675418300782818948e-01 2.643950894305479582e-01 1.797421082954215321e-01 1.220390018227346662e-01 9.771691644717697689e-02 1.104562934430217552e-01 1.607722567436841721e-01 2.387880566148138095e-01 3.354014055311728137e-01 4.449721223002232606e-01 5.535696961744633882e-01 6.384912669152030817e-01 6.913612866883493968e-01 7.042851185471102893e-01 6.780148626034790960e-01 6.128665536949572390e-01 5.160749108854137956e-01 4.001229173852346443e-01 2.887587770830608025e-01 1.930353391118471984e-01 1.168803913529309207e-01 5.977849360636952603e-02 2.264055788821766127e-02 4.136912730162533268e-03 1.167236660757120263e-07 2.385463304267621960e-14 1.610259852267285122e-22 3.823291526850936861e-32 1.978171953678445751e-43 1.410406548797205259e-56 1.321647469873492179e-70 1.769951340038614954e-85
8.284465706197087991e-13 7.343718557197239041e-13 5.662513935817196689e-13 2.450207835212648950e-11 8.813400894574918994e-07 2.845247084291805274e-03 2.061031074213708764e-02 6.060956199608854428e-02 1.241546060429453979e-01 2.097871122680043943e-01 3.156836118391007640e-01 4.352885405827903176e-01 5.546953848728943814e-01 6.481329544559663036e-01 7.086930337289072401e-01 7.297965020548402570e-01 7.105279339776212622e-01 6.521615196712937657e-01 5.609882485632555760e-01 4.455096946749443898e-01 3.332072339837494623e-01 2.341622466043001838e-01 1.531193804204780129e-01 9.059845390941656529e-02 4.556659681827400499e-02 1.745941704952025039e-02 3.849814004343725914e-03 2.544225143200289380e-07 3.933562778012929084e-12 2.301104086899931321e-17 4.156666617599710800e-23 2.508402254476303923e-29 4.600319941095845318e-31 1.517628053489825142e-30 4.811629674577884332e-30 1.487349757587516451e-29 4.591689809814201758e-29 1.563052970335577121e-28 5.770516008564907926e-21 1.424683963672181176e-13 1.790115872202335683e-07 5.005087075551681308e-03 2.499127850410006596e-02 6.243234641259850365e-02 1.190300776818428857e-01 1.940972418975779046e-01 2.872870985507477437e-01 3.946759224412107470e-01 5.067048611298574645e-01 6.034340555860250310e-01 6.725901587356053479e-01 7.095862544291318130e-01 7.143350053757947515e-01 6.863781587911000903e-01 6.305614619613100214e-01 5.516686449489943689e-01 4.557158343593076255e-01 3.575299034492772088e-01 2.624573796624220523e-01 1.762899286316668146e-01 1.052766455265132101e-01 5.631547907877167830e-02 3.363373932052734355e-02 4.213475224429156368e-02 8.141085474309628367e-02 1.424765070538540068e-01 2.233607540874645025e-01 3.235974424963998231e-01 4.367758254302390175e-01 5.503996808068788438e-01 6.386895044154279333e-01 6.928453351760869294e-01 7.065144652371071476e-01 6.814535550372563533e-01 6.174771141054339330e-01 5.215269742147753407e-01 4.055858600780547496e-01 2.939135669722286459e-01 1.974008152881551459e-01 1.203377622827157961e-01 6.222932736410383830e-02 2.408983390105770908e-02 4.592559946550325498e-03 2.498236913507667643e-07 1.250537634553403268e-13 3.347309205330626424e-21 3.413796232647108612e-30 7.164963173179881713e-41 2.516250464460142196e-52 1.557314144036300683e-64
3.312558596610613451e-24 2.109009028731255841e-24 2.567032852672754526e-24 2.465748728524671529e-19 1.445822092728702584e-11 2.058831800629912310e-05 5.286698069785124993e-03 2.599457211259206466e-02 6.785813527844897219e-02 1.319785943937970274e-01 2.167591430885201786e-01 3.204510101510173459e-01 4.376779423458413421e-01 5.561809013044183292e-01 6.494434725089286431e-01 7.088339576327847835e-01 7.288235723968765623e-01 7.093841077066090905e-01 6.530825598400525900e-01 5.661744844235736540e-01 4.576689128976582088e-01 3.497397921805328047e-01 2.517574603966007962e-01 1.696735865751604899e-01 1.044036168217169491e-01 5.556537200275635247e-02 2.301679479958334412e-02 5.089383913441706229e-03 8.076507540424190202e-06 1.153658247726580719e-09 7.479842299744534707e-14 1.794388736693941032e-18 1.133363978433370888e-23 1.307096633104372900e-29 2.968898639772492473e-36 1.905389136502414079e-36 1.427528963403605994e-27 2.321253872218139034e-19 2.246093581461769164e-12 1.162436020558236098e-06 5.030629245052486986e-03 2.654556128615967459e-02 6.634285792387328851e-02 1.250779511671284983e-01 2.018555177417496183e-01 2.973622573407467273e-01 4.066539118725631119e-01 5.192685663156058062e-01 6.139177630132481855e-01 6.797698911392519028e-01 7.121229765706587056e-01 7.106226550331830039e-01 6.739580688702181410e-01 6.091406449910711229e-01 5.217619065669443223e-01 4.219436535592309134e-01 3.246613431057895349e-01 2.380374655808241424e-01 1.629575375267728887e-01 1.001225990248374720e-01 5.232358875964471245e-02 2.111826370754796289e-02 5.213759218964659006e-03 7.739138493815272968e-03 3.064786291265350626e-02 7.237108588008431265e-02 1.339911168089702731e-01 2.167799480079098118e-01 3.200548825982811318e-01 4.357544655712650705e-01 5.503518878810653714e-01 6.397451371270502785e-01 6.949593535491114249e-01 7.097225653116497890e-01 6.858581790874417328e-01 6.229233633248594248e-01 5.277015628846944972e-01 4.117103633030763654e-01 2.995644409479665260e-01 2.021275999014020552e-01 1.240514685193895850e-01 6.481856492324743202e-02 2.552314644587706793e-02 4.941358970336925255e-03 7.879664928804931982e-07 1.695980126243954313e-12 1.864415645105288297e-19 4.906036035205800917e-28 2.130543482296428828e-37 1.962242928937562167e-47
1.983500419813960443e-33 1.182027278954921536e-33 9.833605909171763800e-35 7.213591848548441553e-28 2.548400295528791415e-18 1.299843272198374876e-10 1.285906590684478073e-04 5.516907007175121322e-03 2.772934553058720511e-02 7.001054764205735803e-02 1.334027210196917501e-01 2.163690581372592348e-01 3.183722060865704639e-01 4.335162727794427684e-01 5.505014382963738795e-01 6.420023117822030168e-01 7.002973150705009697e-01 7.209116825729225964e-01 7.055135760370079279e-01 6.568247393709066850e-01 5.780495913215014658e-01 4.776016657572506041e-01 3.722547880987221447e-01 2.730872279828203686e-01 1.876835282328239707e-01 1.179796317969823705e-01 6.576088646819537586e-02 2.894616850705333463e-02 7.173335982032185039e-03 2.339928896031299088e-04 4.062925331428390807e-07 1.732427964378241644e-10 1.620598149652744892e-14 2.542127839507032342e-19 9.435759669654220675e-25 1.093525484569120702e-24 1.449770717956079114e-17 5.374314771518464937e-11 1.324799136645591237e-05 5.134669928486732503e-03 2.705706952810233573e-02 6.856438522640632971e-02 1.297236973564724616e-01 2.089442894782735372e-01 3.065307405423511877e-01 4.179346947527603495e-01 5.319120338227097955e-01 6.246024817942562590e-01 6.869963970047977542e-01 7.133483425481261797e-01 7.043206031840582027e-01 6.616804333163320839e-01 5.876934094259387287e-01 4.905213225017360790e-01 3.867077729821425391e-01 2.905601351416371436e-01 2.076669685901236517e-01 1.384126244819044171e-01 8.427327393766018138e-02 4.360242322830233663e-02 1.699233237069846733e-02 4.143182173587226652e-03 2.925205234118728625e-05 9.655437858300637219e-05 5.509048979342952117e-03 2.765262281173142683e-02 6.976700441421046506e-02 1.329184665617064443e-01 2.159087554407148057e-01 3.194313629209081795e-01 4.356220693462896643e-01 5.510424112775117456e-01 6.413587360565118356e-01 6.976089926691436682e-01 7.134879193869244629e-01 6.907124496665829616e-01 6.286749486753331340e-01 5.341951721035809175e-01 4.182881054755214767e-01 3.054259766211375182e-01 2.068482981447497815e-01 1.275583691327022151e-01 6.707841740678048559e-02 2.657358023512208789e-02 5.087802547772457377e-03 7.147924123756595390e-06 5.696969219819407229e-11 9.790080962880145520e-18 1.839598225712382168e-25 9.711315162991445882e-34
1.207853287200823372e-44 7.168545375710884880e-45 3.348217529193604816e-46 7.157507616795028259e-39 1.866459284240254181e-27 4.968198973200774170e-18 1.979580427489239253e-10 1.685457444647585638e-04 5.470165343491312573e-03 2.755897125460900557e-02 6.969240751273600432e-02 1.324566994622871918e-01 2.137489064234599501e-01 3.125565918568061763e-01 4.243921721666892299e-01 5.382589454716670829e-01 6.278119717095557162e-01 6.874767771422226614e-01 7.133024595684678282e-01 7.059889362996942808e-01 6.661304616847228965e-01 5.963328154337754761e-01 5.033723863860537495e-01 3.971523161318790129e-01 2.962365840709639819e-01 2.086302463100577487e-01 1.355221620902573587e-01 7.895813351943126168e-02 3.831478697668745659e-02 1.369685688330484971e-02 3.278028476377242879e-03 4.070028829995698692e-05 3.238866723998047078e-08 4.914630143289656131e-12 2.253268894686805586e-16 1.645055021454886368e-15 1.169326679043331738e-09 1.681475310987319972e-04 6.117945001294942953e-03 2.838195470473148935e-02 7.019814981859427705e-02 1.322966736706183977e-01 2.139080289217504538e-01 3.138344684913660365e-01 4.273342969897891419e-01 5.428339847522792860e-01 6.344404278196874580e-01 6.945495157031531530e-01 7.170669100981014177e-01 7.022911702267883305e-01 6.520448744407223440e-01 5.710360830291654199e-01 4.670674319551976761e-01 3.592734208657037409e-01 2.620966280647960001e-01 1.805327591071383964e-01 1.147023656244863382e-01 6.588779897938414065e-02 3.164906472638483181e-02 1.056002250063969514e-02 1.707705380464016529e-03 5.484921427763212794e-06 1.508486820949877893e-09 5.899908781155327031e-11 6.387290901716861338e-05 5.254267205733514391e-03 2.726439947063934513e-02 6.935876141977892484e-02 1.326079116236476840e-01 2.155868065408073353e-01 3.191293592068195628e-01 4.356565601802200871e-01 5.518619841396449344e-01 6.427628580964130922e-01 6.997360621176471618e-01 7.166533931491905207e-01 6.950441247004339740e-01 6.340581427691931449e-01 5.405259050317747782e-01 4.245307226518538202e-01 3.109701701001598151e-01 2.110956958211548384e-01 1.305087821444399221e-01 6.937947500530025624e-02 2.807759142879718423e-02 5.973562710481987448e-03 1.215094918236436924e-04 1.271555725582642225e-09 4.375613812433950671e-16 4.968273428442684282e-23
2.622997766691300831e-60 1.556334335711875175e-60 7.109073093814814243e-62 1.293717279651404872e-52 5.546154355554285487e-39 1.408979001146341116e-27 2.923928127609211987e-18 9.061280689535951608e-11 6.730207713141361542e-05 5.256015165692069606e-03 2.722719538398747641e-02 6.861970075971063343e-02 1.291825460464111341e-01 2.071923056303388300e-01 3.019978867049529225e-01 4.095845139304758464e-01 5.192489586293151937e-01 6.099178638570488253e-01 6.750143569376459984e-01 7.092688087149817688e-01 7.109747628797022934e-01 6.802397761485859951e-01 6.180556271189372453e-01 5.313520870910730665e-01 4.250674175898512819e-01 3.224949999728690120e-01 2.327814824049440068e-01 1.567214259640564988e-01 9.638182373992505714e-02 5.310525653180717814e-02 2.465289804838083701e-02 8.535290041421025528e-03 9.072084678471968068e-04 9.064337545915569676e-07 2.074419558139951798e-10 1.742800982809088694e-08 1.260487607601458752e-03 9.647885556498101214e-03 3.325885180141766040e-02 7.516207496869832527e-02 1.364235492892350021e-01 2.183596971806656961e-01 3.193277206674508539e-01 4.333131801090013280e-01 5.495742695509308051e-01 6.413848365277792229e-01 7.002786939567456903e-01 7.204510635439093091e-01 7.029523179224231866e-01 6.474808508381678651e-01 5.604325042412453550e-01 4.504471667084420927e-01 3.407228987232336914e-01 2.418482156930827631e-01 1.601551040741551191e-01 9.638874250982118475e-02 5.072382888443219273e-02 2.111205221782237393e-02 5.545676896585464109e-03 8.670859656780308903e-05 1.890894331004946250e-07 5.228424711405319623e-11 1.941430510834952057e-15 9.618081993763597716e-19 2.132822996042121542e-11 4.248343820194589999e-05 5.160884056451577918e-03 2.710993093389242603e-02 6.916365081966774353e-02 1.323988244667885783e-01 2.153754735059813796e-01 3.189420964319233387e-01 4.353372632777947060e-01 5.516247453451735838e-01 6.430959338753664545e-01 7.010445879731898033e-01 7.190773465326311120e-01 6.989977279699224333e-01 6.392703648121680349e-01 5.466204925668555203e-01 4.300050031445625254e-01 3.164247812585072039e-01 2.163506555597837777e-01 1.352928419678967598e-01 7.368528297569421071e-02 3.186851683760708043e-02 8.897039652897323694e-03 1.249051427260295874e-03 1.117145905128894045e-08 1.270400754854391893e-14
1.816510835346159585e-64 2.176010703318170822e-64 1.621419305326402484e-64 5.594034208185068896e-65 2.662611396719694029e-53 9.575951000168682854e-40 1.663902085659557431e-28 2.923064231649666397e-19 9.190356981844382689e-12 8.130570264358218119e-06 5.079914880249740763e-03 2.650741005437052406e-02 6.563058156580763025e-02 1.226609423431248985e-01 1.965639278820493774e-01 2.866479621635797392e-01 3.899590919391792143e-01 4.969933832061025902e-01 5.928794638404739636e-01 6.661412633477468148e-01 7.091818439465485957e-01 7.195970989962984232e-01 6.942962739830034202e-01 6.401087495189941023e-01 5.579805444866744457e-01 4.547590341304029171e-01 3.525982475178773279e-01 2.622024741987956098e-01 1.845777974552477996e-01 1.212220513739066946e-01 7.212877969116913979e-02 3.665375460308520350e-02 1.307106884673419137e-02 3.086264652338357398e-03 5.238921791296221711e-06 3.539908564152681198e-03 1.525386591222367694e-02 4.162852521581742599e-02 8.539540105107075452e-02 1.473025518168511461e-01 2.277926879871161603e-01 3.269919020718293212e-01 4.388585733041355241e-01 5.536685813459962802e-01 6.446111340104138110e-01 7.030142686140519181e-01 7.221155667827383606e-01 7.029050582080061949e-01 6.451057113587341796e-01 5.547506790782743558e-01 4.406068531145951317e-01 3.284379753965599447e-01 2.281538157407089207e-01 1.464579690657930866e-01 8.421085158696743622e-02 4.031457526716523965e-02 1.397022371656366987e-02 2.579538087189685736e-03 1.282402617576416362e-06 7.383931320216582194e-10 1.734573701845400935e-13 7.404986158621005566e-18 3.983986608036542495e-23 3.067924610716386169e-28 1.364438885242181994e-19 9.478005915267203072e-12 1.850598114642382431e-05 5.088429041158468343e-03 2.700004480764274517e-02 6.903240362195087187e-02 1.322658719804826744e-01 2.152414785855725765e-01 3.179972606800193780e-01 4.337567672496031590e-01 5.502462546817643574e-01 6.428350880379199994e-01 7.022710778645551155e-01 7.218227218647463861e-01 7.031715477071270870e-01 6.444335805988873345e-01 5.528087493333225799e-01 4.371984084868621445e-01 3.239141939941760917e-01 2.241033633683530979e-01 1.428039164628841506e-01 8.032073201959789854e-02 3.802591102522988320e-02 1.308603562284200300e-02 3.087496931022310799e-03 5.031774462857862923e-08
4.662737313116789045e-41 5.888102097631226138e-41 4.737590631905162588e-41 2.205822671008909178e-41 1.209672623323190614e-41 1.824894457281453830e-41 7.746202799367094276e-41 5.628872031329941131e-30 1.022583819492193684e-20 4.068595968171861787e-13 5.690823750625579331e-07 5.004110960033864887e-03 2.443042801291060370e-02 6.008313373745948621e-02 1.130193280746181611e-01 1.825255158910270292e-01 2.683960262963694943e-01 3.689521756106678430e-01 4.765712086157460892e-01 5.797969735115675594e-01 6.588098793015100263e-01 7.069640272113976165e-01 7.231180834705823735e-01 7.058274413260439140e-01 6.563717928133170343e-01 5.794192610872875848e-01 4.839769355904446346e-01 3.895016433241906273e-01 2.973356766736438561e-01 2.146016084401788371e-01 1.436504267235420018e-01 8.584368437159836662e-02 4.207279141434587533e-02 1.490425704900809854e-02 7.135309927870093528e-03 1.904164469973469720e-02 4.900306155783999001e-02 9.642391322590998515e-02 1.615247429259041856e-01 2.429127507569528721e-01 3.411117792081209132e-01 4.504329631073255569e-01 5.593380174008744099e-01 6.460801659302752853e-01 7.020573006736126054e-01 7.208548209718356192e-01 7.005769679357272128e-01 6.414013111985411575e-01 5.496969495428958297e-01 4.341406586072203977e-01 3.205823681036653605e-01 2.201503926154771140e-01 1.381001962034009434e-01 7.595447777782335375e-02 3.336264422487524722e-02 9.433070076741500304e-03 1.144846217845042280e-03 3.690032642799642847e-08 8.600234826860021991e-13 2.304192203826137390e-17 3.241687892300331230e-22 1.271955251555848529e-27 7.659726316243539698e-34 5.764944509273451967e-40 1.104450040145962121e-29 3.734664993235960071e-20 2.841335080855078081e-12 5.458179645460469410e-06 5.045281388045827660e-03 2.693830402096985405e-02 6.896598244554770496e-02 1.319325981107926093e-01 2.140178087668669626e-01 3.158338608386548341e-01 4.313250259595365899e-01 5.488429648684611806e-01 6.427192028095907173e-01 7.038340531492957020e-01 7.249037742579242938e-01 7.066479984105863421e-01 6.500134422147217927e-01 5.606524842717166557e-01 4.470023181092264708e-01 3.335453856758059388e-01 2.326323770423552872e-01 1.507682045009081373e-01 8.870068011854036205e-02 4.464553948382227189e-02 1.634504144731523112e-02 3.076329476910191502e-03
7.060562680770675673e-21 8.850331755301566700e-21 7.270795034495599507e-21 3.879109018960472434e-21 2.260026279740838967e-21 2.503261636469273059e-21 4.055697835692281212e-21 6.189591049047041579e-21 8.506660322318463724e-21 1.120043547215696763e-20 1.385147023039911569e-14 4.789907060009146994e-08 4.339938829784829172e-03 2.065873569728983797e-02 5.250171394414460818e-02 1.013693658320048013e-01 1.671703325483044900e-01 2.504160733976937281e-01 3.500320296026749878e-01 4.580893473089657220e-01 5.641239872056464932e-01 6.461503057725294097e-01 6.972217028656673143e-01 7.156580361241524635e-01 7.018671175145525520e-01 6.593082044952426335e-01 5.948008390419085023e-01 5.118180666610188112e-01 4.166744495179786623e-01 3.221089092054886804e-01 2.328231536893450582e-01 1.519693715503811771e-01 8.578914866688533425e-02 4.163760522810802667e-02 3.024724262039370573e-02 5.225213578048520241e-02 1.029553339843671950e-01 1.727875789382931626e-01 2.584094878505006632e-01 3.592434055222470390e-01 4.671591734262171558e-01 5.703083545377573005e-01 6.502240707976121303e-01 6.992680591626682096e-01 7.148727253941725701e-01 6.933742230316349842e-01 6.340936088397493009e-01 5.425896813469327506e-01 4.267645656005898958e-01 3.135756015704437849e-01 2.143597482748063332e-01 1.337036455632873155e-01 7.172524493938095547e-02 2.962826800603061625e-02 6.933675199768271624e-03 5.625837409430749789e-04 5.515412468538960525e-09 7.509011612935571343e-15 4.898149853318599743e-21 2.228015634338044032e-27 6.192570856677378790e-34 8.303397887067472702e-41 5.202052294718540467e-48 1.328023938383751487e-47 6.071147010393981489e-42 1.778418764516744232e-30 7.763880681339150413e-21 6.466963153578798882e-13 1.380488927605045290e-06 5.028657566188020692e-03 2.691507276179691890e-02 6.857470496345206834e-02 1.306043319019485061e-01 2.117091940392432925e-01 3.133440781769580297e-01 4.290784574657835471e-01 5.472914430513096118e-01 6.423320987721468089e-01 7.038130878993551498e-01 7.256805164528226104e-01 7.089818476280529413e-01 6.552817916055949654e-01 5.681655364865814128e-01 4.561939071479915730e-01 3.428332665309652971e-01 2.408703616790373869e-01 1.610481198037537476e-01 9.845222714120321905e-02 5.104605460480293039e-02 1.745108794794151055e-02
3.091931743946317764e-03 3.729667643717720499e-03 3.016467452675574649e-03 1.717791873732771877e-03 1.063945020540228974e-03 1.016050681064875616e-03 1.294096884813135742e-03 1.579754559016296198e-03 1.751402730830204724e-03 1.809384189226242784e-03 1.777166064667522801e-03 1.683787478647379285e-03 1.562143178316038796e-03 4.430745908341328192e-03 1.740541171351119021e-02 4.567465568353042821e-02 9.145805639933574094e-02 1.552780598891935204e-01 2.378951168996887855e-01 3.331273401452857219e-01 4.392156359035044311e-01 5.435046886561039070e-01 6.212271028194967792e-01 6.711557252465492063e-01 6.917943352295862214e-01 6.846454638863000985e-01 6.528772829848191739e-01 5.961170685985105466e-01 5.183137390258107935e-01 4.215233892410252259e-01 3.212401087215202566e-01 2.254067474698157880e-01 1.417567901042609546e-01 8.977908250552193992e-02 7.939397373027214100e-02 1.096981439994708235e-01 1.770640704807092958e-01 2.680179571952657769e-01 3.748031638909780083e-01 4.853453333242842005e-01 5.842871450896294228e-01 6.584258506071944961e-01 7.003691821696020892e-01 7.081028321863866992e-01 6.823526294914333823e-01 6.219238501069773717e-01 5.305013866474195261e-01 4.172663156274948326e-01 3.061828308107945595e-01 2.082405730647531039e-01 1.293052358175107441e-01 6.890584546153896706e-02 2.782528689472073963e-02 5.744907085718133598e-03 1.912896185419267481e-04 1.006856752945939204e-09 3.777517342000839074e-16 1.712426251020098407e-23 3.834118922266157612e-31 6.854724618546066056e-31 2.272240594234123519e-30 7.222441004118814443e-30 2.209967586380129417e-29 6.540318399418490845e-29 1.878891393043899247e-28 5.257645036061308030e-28 1.448205828066064991e-27 1.484451045869035290e-21 1.484615360344709311e-13 3.737729726869248462e-07 5.024118624003238998e-03 2.663172019897698528e-02 6.736205101108605486e-02 1.286982880216382408e-01 2.097392330431525342e-01 3.114113155927861198e-01 4.268424034847622672e-01 5.447750624784245543e-01 6.388289072947531677e-01 6.995827813852215638e-01 7.228531570937937190e-01 7.092010314010519512e-01 6.571782838688868811e-01 5.722509074403364648e-01 4.637157975941119115e-01 3.505336114617411680e-01 2.527950485219619958e-01 1.751444365361420619e-01 1.133125745598911743e-01 6.250794956690179649e-02
2.439500949141647917e-02 2.459654785881876943e-02 2.184527702579410965e-02 1.884970067829314089e-02 1.607928193956338625e-02 1.460624859784792791e-02 1.479424208431747399e-02 1.579500257318517883e-02 1.679311577971557071e-02 1.729334406716312791e-02 1.726229601077399617e-02 1.686939219893038647e-02 1.633786082673649789e-02 1.591816806299392942e-02 1.772740372044444984e-02 2.817783616233416125e-02 5.477427473693906312e-02 1.002064737319021265e-01 1.631353649058983057e-01 2.410725906786840289e-01 3.319040075131440837e-01 4.282629970193872482e-01 5.196782471138844395e-01 5.923447208945127329e-01 6.427609179849521626e-01 6.693097417368262247e-01 6.731989044705330993e-01 6.481398003309751799e-01 5.944651116923937995e-01 5.154611527415406957e-01 4.187731753546369839e-01 3.131327995490948424e-01 2.229966056897954019e-01 1.717882509629564125e-01 1.633468424267474906e-01 1.989439435979266091e-01 2.757179253189625534e-01 3.821864819462638674e-01 4.968642445408192887e-01 5.937789578740153562e-01 6.654052984495331113e-01 7.042779989699576859e-01 7.049143579318382091e-01 6.718266472531930766e-01 6.071025479895316712e-01 5.153904042658988827e-01 4.044819253648981316e-01 2.965576680611087812e-01 2.019598198816063006e-01 1.245017395401434024e-01 6.572510326657153568e-02 2.640188090632519108e-02 5.201860945363710048e-03 3.517945943966823189e-05 1.191795042021764031e-10 7.432592612908926826e-16 1.282677197174241744e-15 2.273795839540871464e-15 3.982039832373981784e-15 6.861830073165469751e-15 1.162081720216459318e-14 1.935716298335094408e-14 3.177227185684342469e-14 5.145691943214429124e-14 8.217938280605296810e-14 1.290727098934637452e-13 1.989352334855735506e-13 3.022210635188548355e-13 4.625271745411896462e-13 7.964501823954072609e-13 1.277228709366771074e-07 5.009390116647440688e-03 2.575269964440412424e-02 6.596408276006877902e-02 1.274035550575437215e-01 2.086959560353452148e-01 3.086436893805225012e-01 4.220008850052940907e-01 5.377804829094883221e-01 6.293066404268635727e-01 6.906161562348097638e-01 7.161919335222677319e-01 7.043052181444982018e-01 6.524759923199877631e-01 5.680882891397691647e-01 4.644752148048624241e-01 3.644904326567807717e-01 2.782213342553981894e-01 2.070347064886968735e-01 1.454680237870623061e-01
8.058031704288158570e-02 8.062698795310042910e-02 7.737868736087952226e-02 7.284959878868156602e-02 6.813309987812389557e-02 6.555764109205346191e-02 6.477691844184234327e-02 6.572677669635054731e-02 6.722247747616484637e-02 6.825308523149682671e-02 6.841363795360529132e-02 6.789605571563793462e-02 6.713180317157815824e-02 6.661047045808109190e-02 6.680842255774956107e-02 6.918014213750095509e-02 7.919964870590265327e-02 1.060119747641436877e-01 1.496246803259190516e-01 2.071428505082536509e-01 2.769986520579471589e-01 3.542256610808168227e-01 4.342253466298003350e-01 5.133512030814770810e-01 5.861923797860532082e-01 6.395576974087792133e-01 6.721966387699893630e-01 6.778312956922410981e-01 6.512221493611040080e-01 5.942191994076534423e-01 5.124425934994466525e-01 4.138586889658800172e-01 3.291808288755715406e-01 2.803745380366736151e-01 2.753252813172921698e-01 3.142242063724403067e-01 3.948307776598534713e-01 4.988773137172320404e-01 5.932554850045953510e-01 6.626715012203068245e-01 7.002551063658642994e-01 6.991478047688711728e-01 6.622605661393289322e-01 5.925378955530898883e-01 4.981339568434349774e-01 3.890188180986537958e-01 2.840962950226185169e-01 1.934076788436352168e-01 1.191907930197075444e-01 6.230206576472765295e-02 2.454989543634183979e-02 4.992878084442845150e-03 7.800051118685331648e-05 8.408443487453880791e-05 1.013065599375514259e-04 1.241178182850433533e-04 1.507958779182054000e-04 1.801468292852160787e-04 2.113658105943777869e-04 2.438919103282857206e-04 2.774697661629865926e-04 3.122599975586821497e-04 3.487565479735457502e-04 3.873361271714950748e-04 4.274941749764871808e-04 4.672156239363407359e-04 5.032119074582688378e-04 5.324844462545314351e-04 5.549078802030055256e-04 5.754200403206288783e-04 6.043032720953460824e-04 6.528431756857592996e-04 5.363687807323658241e-03 2.568648501889649050e-02 6.618910148076589950e-02 1.273198351107787951e-01 2.067907241318023559e-01 3.029617859240664735e-01 4.124678583900334705e-01 5.241895446990625373e-01 6.149638086947958326e-01 6.752716641455879243e-01 6.974354642492425205e-01 6.829530221323364403e-01 6.329325246678302319e-01 5.582096533939067129e-01 4.760058728462711608e-01 3.941148971434383919e-01 3.218249190062293374e-01 2.586549030087483825e-01
1.770041411252791241e-01 1.763551921942705936e-01 1.729246245938314830e-01 1.678612436928954843e-01 1.620237466844532681e-01 1.586051642366956005e-01 1.568865991679714023e-01 1.576572040155811150e-01 1.594813908230051647e-01 1.609812698659408015e-01 1.613570171721450952e-01 1.607665211893566926e-01 1.598293688740604623e-01 1.592598713441839564e-01 1.597385676009781263e-01 1.617356156237742537e-01 1.657565764210171821e-01 1.765391124702720693e-01 2.019565384814824283e-01 2.394670216235132987e-01 2.879852300686204791e-01 3.430495042041696307e-01 4.039914740815823135e-01 4.715278738404063419e-01 5.422668246900289590e-01 6.080888679063217728e-01 6.633652461143577650e-01 6.952945335951108419e-01 6.952614612495502389e-01 6.621339069271804378e-01 6.013264946464231819e-01 5.232238375838212940e-01 4.500735956308796748e-01 4.073183902854383143e-01 4.061953213107556415e-01 4.438645886032719923e-01 5.166124918839540836e-01 5.977739807551764040e-01 6.603371884298212535e-01 6.939805118797971462e-01 6.926194164768315620e-01 6.548383282025904695e-01 5.825231248550566399e-01 4.843174131274362582e-01 3.785773805170674633e-01 2.766303996969801116e-01 1.894157282640717144e-01 1.189908828952511155e-01 6.534865917811655267e-02 2.935874821240763710e-02 1.107842700677476484e-02 6.783489838490234028e-03 6.776237118400710302e-03 6.828754527357329927e-03 6.928248568900660653e-03 7.064340277248149468e-03 7.227822146113459939e-03 7.410813737140376119e-03 7.607486129409759060e-03 7.814446056386680980e-03 8.030478706693105692e-03 8.255925511367764869e-03 8.491253793719873502e-03 8.734682235908779180e-03 8.979915507135718608e-03 9.215977574232167222e-03 9.431025302485069109e-03 9.620093571173361779e-03 9.794241685672267633e-03 9.983843377581404568e-03 1.022760248139377263e-02 1.054784638953133041e-02 1.093463250494963908e-02 1.561662397327749641e-02 3.659737751280470880e-02 7.696866783269601386e-02 1.359333744182516790e-01 2.115637600659441009e-01 3.028723081048437793e-01 4.066627157202001297e-01 5.105413618831690092e-01 5.959427866941113816e-01 6.507380342159828635e-01 6.714083590680378633e-01 6.607388730204581950e-01 6.251059089576549432e-01 5.757328833582480154e-01 5.125964674893296324e-01 4.486213737383680233e-01 3.912466287437724177e-01
3.115768728638718121e-01 3.101084163340842026e-01 3.061756335677225382e-01 3.007161084401848150e-01 2.949213468422681728e-01 2.909246787216996366e-01 2.893186952843198045e-01 2.898091209581756256e-01 2.916565509929267552e-01 2.933256353594761445e-01 2.938745320955662432e-01 2.933197852358629953e-01 2.923440864345612233e-01 2.918313905862086610e-01 2.926064383500905919e-01 2.952044654411574154e-01 2.996374616184768191e-01 3.053831672118059171e-01 3.163967302271961102e-01 3.357066679172412971e-01 3.647498772333388484e-01 3.998134360900781892e-01 4.404518558509246118e-01 4.902651798490642032e-01 5.463974761729473162e-01 6.078850225502592242e-01 6.706529575080348859e-01 7.171435895436367725e-01 7.359280161455873381e-01 7.251225436803371283e-01 6.900374426782696080e-01 6.351052409467138338e-01 5.795537370514328712e-01 5.476814857968549388e-01 5.478402342529642421e-01 5.783009658662495722e-01 6.324244294728966764e-01 6.821579974466313034e-01 7.103589954261468886e-01 7.077509838094543371e-01 6.723161611798030846e-01 6.015480162084401172e-01 5.021271582878947815e-01 3.983782530697267399e-01 3.022975885964235832e-01 2.181426738493502937e-01 1.512613447415293300e-01 1.014090623773973854e-01 6.857975490783546624e-02 5.153487720518565990e-02 4.765011637126011224e-02 4.745832587304958661e-02 4.742424472716489509e-02 4.751637090962167881e-02 4.770713043865285746e-02 4.797446875314106962e-02 4.830005910112247780e-02 4.866854439526643872e-02 4.906817756125692043e-02 4.949174246167652169e-02 4.993618187253560936e-02 5.040049707578042604e-02 5.088243561585141517e-02 5.137488007647817573e-02 5.186398810044150903e-02 5.233177851664411184e-02 5.276448492660554962e-02 5.316512573986905549e-02 5.356300208935539653e-02 5.400835298367785003e-02 5.454719997530435571e-02 5.519565320429905414e-02 5.594600785666287851e-02 5.680355091601586165e-02 6.238082616069914182e-02 8.371887953214778022e-02 1.217490632377393467e-01 1.762397145873997872e-01 2.462067894713036165e-01 3.307356163913590108e-01 4.206892875084095040e-01 5.093529859948433547e-01 5.893171661841735132e-01 6.429369656299189772e-01 6.663121571006632715e-01 6.668078130385231006e-01 6.513582607717774975e-01 6.223235493907439686e-01 5.790625737573205090e-01 5.368472197271225710e-01
4.766220588892994825e-01 4.749356963735416604e-01 4.691450794439043781e-01 4.627960101776611990e-01 4.575919756921431047e-01 4.544815189371426700e-01 4.531974413482920405e-01 4.538492177174513476e-01 4.558644784226553170e-01 4.576461598457075008e-01 4.582244314194327539e-01 4.575933945685948800e-01 4.564870079096032818e-01 4.558886519057931963e-01 4.567191252957461534e-01 4.595781901883267406e-01 4.644949332235606132e-01 4.708096499937369783e-01 4.772958632737973605e-01 4.851061474311927912e-01 4.978346416337020575e-01 5.153854973070721712e-01 5.374436567481564175e-01 5.680828516296247965e-01 6.077852337861853194e-01 6.558303663109802395e-01 7.106505505576872217e-01 7.633061772255166355e-01 7.933058497889188265e-01 7.982836910087258708e-01 7.810939422963093515e-01 7.477646503280457324e-01 7.107648400664393629e-01 6.895904702483924842e-01 6.882039473786335515e-01 7.061146841269876351e-01 7.336714502192056564e-01 7.525767416570613433e-01 7.481474604344137136e-01 7.147768254336922533e-01 6.514921906841568688e-01 5.582009132750369584e-01 4.570698332170068934e-01 3.659616850586713821e-01 2.885121137436545413e-01 2.254691866928813793e-01 1.788973834502557703e-01 1.496572560741890878e-01 1.353604488123623384e-01 1.311774490165683871e-01 1.306227497107464441e-01 1.303219227893569476e-01 1.302576373872975646e-01 1.303851797057206663e-01 1.306622982905837893e-01 1.310551960973221630e-01 1.315364927365126890e-01 1.320837312322194756e-01 1.326796535190407633e-01 1.333132388449929095e-01 1.339793447999776954e-01 1.346752612329642218e-01 1.353956899356483223e-01 1.361282096032709610e-01 1.368520807580127507e-01 1.375435770262411206e-01 1.381883745157424792e-01 1.387982210525353088e-01 1.394191580605903813e-01 1.401171292103546850e-01 1.409415733232945445e-01 1.419053242294288641e-01 1.430114606198053806e-01 1.442969451275051829e-01 1.458500189027693295e-01 1.525787535980497323e-01 1.718378035680600824e-01 2.050414415640828270e-01 2.535628478585826295e-01 3.133324676587119773e-01 3.787199633215761474e-01 4.547036099350109661e-01 5.388697181466365338e-01 6.149751500750760824e-01 6.667537065641183647e-01 6.968156929460221916e-01 7.110340856741212967e-01 7.116756939818839056e-01 7.007253255230067035e-01 6.833213743154065156e-01
6.457290908914112837e-01 6.400132299729530683e-01 6.349787302123597321e-01 6.305877804611756954e-01 6.278006009468601878e-01 6.259569987298233551e-01 6.243409228447829307e-01 6.248344304903012958e-01 6.266934702904449761e-01 6.283730436484861182e-01 6.289253898046952562e-01 6.283671567610650266e-01 6.273853263964759286e-01 6.268694086244742669e-01 6.276493270045576667e-01 6.302636808216328657e-01 6.347245306764383033e-01 6.404004089481092343e-01 6.461423278228486389e-01 6.506581052804786269e-01 6.531599301606750840e-01 6.577552343913762867e-01 6.662985499348786922e-01 6.818503625268746982e-01 7.051333458585935521e-01 7.379398570336380692e-01 7.786944639827193537e-01 8.196682212812488322e-01 8.501848885552629742e-01 8.650207750116620797e-01 8.609376669764061685e-01 8.416006623659578745e-01 8.202538567054599161e-01 8.076617941324535366e-01 8.051436774007983965e-01 8.098112838251046997e-01 8.152295575160114494e-01 8.090930170961756485e-01 7.783707807720287031e-01 7.205476861172153136e-01 6.418398326560259548e-01 5.512991339221319231e-01 4.649807801423023190e-01 3.921233507897919357e-01 3.354246953796212183e-01 2.927280361140735532e-01 2.662954056071272779e-01 2.550409184491481684e-01 2.514652629188164346e-01 2.505256280393804436e-01 2.498217384995089774e-01 2.494233229782996386e-01 2.493239730326151649e-01 2.494758352234443533e-01 2.498256670463188389e-01 2.503283842298604789e-01 2.509476596738295373e-01 2.516545008844449094e-01 2.524269433330432744e-01 2.532504526852474847e-01 2.541170748320568107e-01 2.550215209346016754e-01 2.559553567820729847e-01 2.569021257051544715e-01 2.578368393445802376e-01 2.587329559131605339e-01 2.595773562512884713e-01 2.603879207048825917e-01 2.612191967301905615e-01 2.621435764216314968e-01 2.632176369150051043e-01 2.644701366972771472e-01 2.659261793969112664e-01 2.676396173555521951e-01 2.696770886611254969e-01 2.719550184153105010e-01 2.778993176773983387e-01 2.924938382974976436e-01 3.201721638515998558e-01 3.558591628874739898e-01 3.970226194243190454e-01 4.535840363975779943e-01 5.240137676400885569e-01 5.997506580387652608e-01 6.674193068491359737e-01 7.217387373676567019e-01 7.608406281624947587e-01 7.822830163716807395e-01 7.947894715521098830e-01 7.996887818407919513e-01
7.831929023529332623e-01 7.759640444014611615e-01 7.715400786087240892e-01 7.692195686652911757e-01 7.688916699528660637e-01 7.677873219921586001e-01 7.659854074150720393e-01 7.667933861953647456e-01 7.687060451103203684e-01 7.702786675035701025e-01 7.706726383579023398e-01 7.700535036283179258e-01 7.690708999151303349e-01 7.684737820524573104e-01 7.689756948276915693e-01 7.710695910051827973e-01 7.748072993999194358e-01 7.796518373232167454e-01 7.845686464050586340e-01 7.883932837273032179e-01 7.902872436257093458e-01 7.901665185195755337e-01 7.894592937654262288e-01 7.937191569567725313e-01 8.049036646492025993e-01 8.235944935037098347e-01 8.482867205015006684e-01 8.770753721142879877e-01 9.031974842487120458e-01 9.198315183826357710e-01 9.223223474287595147e-01 9.134326324880248649e-01 9.016183094150543864e-01 8.944305123914262357e-01 8.905134606557824073e-01 8.860185268570339723e-01 8.776129556000059617e-01 8.530639713376467759e-01 8.055095571112627084e-01 7.389230325669960964e-01 6.617079650846438010e-01 5.836987770059767211e-01 5.151950896403156843e-01 4.614994768286030391e-01 4.237918607829240236e-01 4.000948539553165206e-01 3.910913505697960479e-01 3.889293431511455790e-01 3.877169569576983110e-01 3.866321888897287784e-01 3.858223868533405820e-01 3.853624726358208519e-01 3.852470290006868581e-01 3.854235611126420880e-01 3.858311814147609708e-01 3.864168286300355137e-01 3.871377540543075590e-01 3.879602973884453410e-01 3.888591093074560412e-01 3.898172170559642824e-01 3.908250464326875062e-01 3.918763032408582037e-01 3.929615746645522267e-01 3.940626988237526107e-01 3.951517170168237225e-01 3.961980379061624813e-01 3.971851166803629374e-01 3.981306461737770253e-01 3.990941119524006320e-01 4.001579812643177858e-01 4.013936825966706312e-01 4.028488832011616894e-01 4.045621370485156798e-01 4.065837799221496129e-01 4.089525512969884313e-01 4.115378393097808285e-01 4.138780447778759308e-01 4.172161029072560812e-01 4.253690421717126191e-01 4.398378252991142490e-01 4.612950208411795705e-01 4.962516809339735380e-01 5.468421130080726167e-01 6.105855344364590209e-01 6.821263620632722624e-01 7.530358327994010059e-01 8.030171288360015147e-01 8.375994350086798379e-01 8.627050852217171828e-01 8.825141147703353672e-01
8.866181214859786275e-01 8.799592266086290193e-01 8.768044144293759556e-01 8.757865617211387788e-01 8.763360388534107148e-01 8.747553013078983586e-01 8.738595070589327829e-01 8.749493660011459228e-01 8.766655198188537668e-01 8.778480300225938171e-01 8.780322467928922681e-01 8.774383775206063829e-01 8.765614809254571593e-01 8.759633083907887308e-01 8.761904280662131672e-01 8.776538708454060256e-01 8.804558590991939937e-01 8.842345726094793523e-01 8.881788883605071794e-01 8.912942913355622609e-01 8.928076880393879255e-01 8.925417670309671037e-01 8.913185363072654299e-01 8.916055000066475111e-01 8.953422580603859204e-01 9.030645323894501697e-01 9.164439479839124880e-01 9.335927113968268687e-01 9.502211243034048849e-01 9.618080947266883785e-01 9.668926333788611105e-01 9.646125145996122807e-01 9.587439984993080255e-01 9.546431279760676514e-01 9.509745875932529291e-01 9.408916312309161256e-01 9.223070290721703257e-01 8.894511987050557345e-01 8.397662204429999777e-01 7.761371257220330833e-01 7.102813866176599378e-01 6.498191225742239174e-01 5.992846677110568177e-01 5.635553129819962370e-01 5.441923073727122917e-01 5.370433686572263499e-01 5.358837544830947763e-01 5.347767600953200473e-01 5.335947793221902380e-01 5.325234218339015557e-01 5.317208291017263555e-01 5.312665455129311765e-01 5.311532641576031111e-01 5.313264213214541343e-01 5.317253085358421005e-01 5.322985195585537843e-01 5.330046332984405000e-01 5.338105917707012260e-01 5.346913504565622421e-01 5.356303369352882759e-01 5.366184817278362162e-01 5.376497543645002430e-01 5.387145379418342150e-01 5.397940681434865162e-01 5.408598526014423147e-01 5.418816276892621797e-01 5.428444346044046798e-01 5.437686609744930566e-01 5.447165032028933318e-01 5.457705045916810827e-01 5.469951757587856456e-01 5.484233075267033186e-01 5.500835221693065602e-01 5.520372155901076550e-01 5.543603215134643714e-01 5.569558859777573590e-01 5.593200779820253210e-01 5.607175371468865466e-01 5.586166433602173242e-01 5.551544934676276855e-01 5.579955712029898152e-01 5.743155070891501346e-01 6.052323377943046312e-01 6.477996361024084271e-01 7.107664186990292343e-01 7.840461186668566951e-01 8.391799953438858761e-01 8.803079410044158948e-01 9.136909072804005882e-01 9.433313173165608356e-01
9.578777797392971083e-01 9.535710984206268170e-01 9.521230810485025176e-01 9.513929181995530726e-01 9.507936144050973537e-01 9.493642072648503794e-01 9.496154074949543222e-01 9.509526414055733401e-01 9.522863379705919229e-01 9.529547518782818250e-01 9.529132649147933343e-01 9.523882598744731753e-01 9.516780182298807400e-01 9.511172075168335960e-01 9.510482275312450717e-01 9.517702826786614834e-01 9.534316524718228214e-01 9.558893193056657855e-01 9.586356839588403567e-01 9.609093114627790255e-01 9.620053478762181642e-01 9.616295123512165199e-01 9.601388424191275028e-01 9.587618499392731586e-01 9.599904857344626619e-01 9.645324943354408598e-01 9.714003770922853276e-01 9.792380950429148134e-01 9.869813674985005170e-01 9.932445443455307776e-01 9.958560357475103597e-01 9.947235604120567842e-01 9.926597320670026425e-01 9.914080466890473620e-01 9.866149786189997162e-01 9.743964762568582127e-01 9.515131837713165508e-01 9.174404311308510529e-01 8.713081217616774898e-01 8.195200917404448226e-01 7.698415259184544501e-01 7.257693798768753979e-01 6.928986243551430446e-01 6.758538262582293177e-01 6.717393829073902145e-01 6.713729685434357553e-01 6.705709391636840433e-01 6.695432895873514312e-01 6.684268125317839315e-01 6.674165095250697011e-01 6.666753505268696589e-01 6.662733802642989422e-01 6.661874809703131062e-01 6.663579052777661715e-01 6.667281960446972411e-01 6.672531930608788242e-01 6.678963101644548317e-01 6.686275399459704616e-01 6.694238218724091194e-01 6.702704298195397703e-01 6.711604924077861911e-01 6.720903882852570232e-01 6.730530378920306367e-01 6.740318436603788266e-01 6.749990931321985244e-01 6.759230827061389890e-01 6.767846725429248478e-01 6.775995602943297724e-01 6.784292673211892444e-01 6.793619086996771639e-01 6.804635453540894829e-01 6.817513256405866029e-01 6.832293614596495201e-01 6.849470334273278782e-01 6.870213777977488556e-01 6.894789992740992801e-01 6.918649993478627191e-01 6.933151843534781644e-01 6.909863158985438680e-01 6.796955184812096817e-01 6.654195204748293291e-01 6.648423189694543378e-01 6.789988236615236428e-01 7.092460185893694202e-01 7.562083448854914902e-01 8.145891394586124434e-01 8.690341048664117496e-01 9.135147018706749611e-01 9.519135419094888473e-01 9.820071974945769888e-01
9.927637910878973626e-01 9.923575371098742881e-01 9.929380280096204991e-01 9.917797830629744293e-01 9.911268325723081585e-01 9.911220777663507508e-01 9.915941528851178743e-01 9.920791509849239409e-01 9.923705803589015773e-01 9.924690230043670125e-01 9.924143221137508020e-01 9.922557811716624654e-01 9.920492312958263392e-01 9.918644192575101215e-01 9.917814775188662502e-01 9.918755225806440423e-01 9.922025063297171821e-01 9.927730644413277350e-01 9.935059221720277112e-01 9.941943595465928540e-01 9.945600878103352249e-01 9.944182182829075511e-01 9.938410284224618030e-01 9.931508204197170286e-01 9.927810516539965491e-01 9.933179268322606115e-01 9.956703395887410712e-01 9.983139783315162497e-01 9.999220478481724017e-01 1.000000000000000000e+00 1.000000000000000000e+00 1.000000000000000000e+00 9.999889825522462194e-01 9.997764749798685457e-01 9.974159127850005246e-01 9.877044107630102987e-01 9.685750462762126034e-01 9.393788446120565627e-01 9.037533952204794829e-01 8.669273537395324469e-01 8.317503309797823485e-01 8.044850443099036408e-01 7.900686207606695266e-01 7.879583896410035093e-01 7.888777874204425666e-01 7.884484080436603426e-01 7.877373190317078500e-01 7.867943775097540060e-01 7.857821909442475050e-01 7.848940303972565813e-01 7.842675612107099514e-01 7.839420327536692490e-01 7.838841687700998095e-01 7.840405833441483896e-01 7.843644605491150168e-01 7.848183554948402474e-01 7.853711524764724894e-01 7.859967777741432293e-01 7.866752868555006994e-01 7.873944279476869923e-01 7.881490104048118894e-01 7.889373385736090372e-01 7.897555881679494405e-01 7.905916750266192006e-01 7.914220971835075336e-01 7.922163256710557100e-01 7.929509874878020170e-01 7.936312073779115961e-01 7.943067336719684679e-01 7.950628636348551215e-01 7.959777339494267245e-01 7.970786965672488344e-01 7.983526686840327624e-01 7.998082402295633164e-01 8.015271625134479105e-01 8.035873024617400384e-01 8.057504503432029175e-01 8.072930575819579069e-01 8.072936702518516139e-01 7.970378178355025378e-01 7.765448687953130369e-01 7.606647550064314922e-01 7.585836856530359107e-01 7.738705596505138784e-01 8.066356714885163370e-01 8.495961066369044357e-01 8.948816203899480071e-01 9.380059781841045830e-01 9.776118123965619189e-01 9.997450095409937676e-01
